1024
1111111111
2111111111
1211111111
2211111111
1121111111
2121111111
1221111111
2221111111
1112111111
2112111111
1212111111
2212111111
1122111111
2122111111
1222111111
2222111111
1111211111
2111211111
1211211111
2211211111
1121211111
2121211111
1221211111
2221211111
1112211111
2112211111
1212211111
2212211111
1122211111
2122211111
1222211111
2222211111
1111121111
2111121111
1211121111
2211121111
1121121111
2121121111
1221121111
2221121111
1112121111
2112121111
1212121111
2212121111
1122121111
2122121111
1222121111
2222121111
1111221111
2111221111
1211221111
2211221111
1121221111
2121221111
1221221111
2221221111
1112221111
2112221111
1212221111
2212221111
1122221111
2122221111
1222221111
2222221111
1111112111
2111112111
1211112111
2211112111
1121112111
2121112111
1221112111
2221112111
1112112111
2112112111
1212112111
2212112111
1122112111
2122112111
1222112111
2222112111
1111212111
2111212111
1211212111
2211212111
1121212111
2121212111
1221212111
2221212111
1112212111
2112212111
1212212111
2212212111
1122212111
2122212111
1222212111
2222212111
1111122111
2111122111
1211122111
2211122111
1121122111
2121122111
1221122111
2221122111
1112122111
2112122111
1212122111
2212122111
1122122111
2122122111
1222122111
2222122111
1111222111
2111222111
1211222111
2211222111
1121222111
2121222111
1221222111
2221222111
1112222111
2112222111
1212222111
2212222111
1122222111
2122222111
1222222111
2222222111
1111111211
2111111211
1211111211
2211111211
1121111211
2121111211
1221111211
2221111211
1112111211
2112111211
1212111211
2212111211
1122111211
2122111211
1222111211
2222111211
1111211211
2111211211
1211211211
2211211211
1121211211
2121211211
1221211211
2221211211
1112211211
2112211211
1212211211
2212211211
1122211211
2122211211
1222211211
2222211211
1111121211
2111121211
1211121211
2211121211
1121121211
2121121211
1221121211
2221121211
1112121211
2112121211
1212121211
2212121211
1122121211
2122121211
1222121211
2222121211
1111221211
2111221211
1211221211
2211221211
1121221211
2121221211
1221221211
2221221211
1112221211
2112221211
1212221211
2212221211
1122221211
2122221211
1222221211
2222221211
1111112211
2111112211
1211112211
2211112211
1121112211
2121112211
1221112211
2221112211
1112112211
2112112211
1212112211
2212112211
1122112211
2122112211
1222112211
2222112211
1111212211
2111212211
1211212211
2211212211
1121212211
2121212211
1221212211
2221212211
1112212211
2112212211
1212212211
2212212211
1122212211
2122212211
1222212211
2222212211
1111122211
2111122211
1211122211
2211122211
1121122211
2121122211
1221122211
2221122211
1112122211
2112122211
1212122211
2212122211
1122122211
2122122211
1222122211
2222122211
1111222211
2111222211
1211222211
2211222211
1121222211
2121222211
1221222211
2221222211
1112222211
2112222211
1212222211
2212222211
1122222211
2122222211
1222222211
2222222211
1111111121
2111111121
1211111121
2211111121
1121111121
2121111121
1221111121
2221111121
1112111121
2112111121
1212111121
2212111121
1122111121
2122111121
1222111121
2222111121
1111211121
2111211121
1211211121
2211211121
1121211121
2121211121
1221211121
2221211121
1112211121
2112211121
1212211121
2212211121
1122211121
2122211121
1222211121
2222211121
1111121121
2111121121
1211121121
2211121121
1121121121
2121121121
1221121121
2221121121
1112121121
2112121121
1212121121
2212121121
1122121121
2122121121
1222121121
2222121121
1111221121
2111221121
1211221121
2211221121
1121221121
2121221121
1221221121
2221221121
1112221121
2112221121
1212221121
2212221121
1122221121
2122221121
1222221121
2222221121
1111112121
2111112121
1211112121
2211112121
1121112121
2121112121
1221112121
2221112121
1112112121
2112112121
1212112121
2212112121
1122112121
2122112121
1222112121
2222112121
1111212121
2111212121
1211212121
2211212121
1121212121
2121212121
1221212121
2221212121
1112212121
2112212121
1212212121
2212212121
1122212121
2122212121
1222212121
2222212121
1111122121
2111122121
1211122121
2211122121
1121122121
2121122121
1221122121
2221122121
1112122121
2112122121
1212122121
2212122121
1122122121
2122122121
1222122121
2222122121
1111222121
2111222121
1211222121
2211222121
1121222121
2121222121
1221222121
2221222121
1112222121
2112222121
1212222121
2212222121
1122222121
2122222121
1222222121
2222222121
1111111221
2111111221
1211111221
2211111221
1121111221
2121111221
1221111221
2221111221
1112111221
2112111221
1212111221
2212111221
1122111221
2122111221
1222111221
2222111221
1111211221
2111211221
1211211221
2211211221
1121211221
2121211221
1221211221
2221211221
1112211221
2112211221
1212211221
2212211221
1122211221
2122211221
1222211221
2222211221
1111121221
2111121221
1211121221
2211121221
1121121221
2121121221
1221121221
2221121221
1112121221
2112121221
1212121221
2212121221
1122121221
2122121221
1222121221
2222121221
1111221221
2111221221
1211221221
2211221221
1121221221
2121221221
1221221221
2221221221
1112221221
2112221221
1212221221
2212221221
1122221221
2122221221
1222221221
2222221221
1111112221
2111112221
1211112221
2211112221
1121112221
2121112221
1221112221
2221112221
1112112221
2112112221
1212112221
2212112221
1122112221
2122112221
1222112221
2222112221
1111212221
2111212221
1211212221
2211212221
1121212221
2121212221
1221212221
2221212221
1112212221
2112212221
1212212221
2212212221
1122212221
2122212221
1222212221
2222212221
1111122221
2111122221
1211122221
2211122221
1121122221
2121122221
1221122221
2221122221
1112122221
2112122221
1212122221
2212122221
1122122221
2122122221
1222122221
2222122221
1111222221
2111222221
1211222221
2211222221
1121222221
2121222221
1221222221
2221222221
1112222221
2112222221
1212222221
2212222221
1122222221
2122222221
1222222221
2222222221
1111111112
2111111112
1211111112
2211111112
1121111112
2121111112
1221111112
2221111112
1112111112
2112111112
1212111112
2212111112
1122111112
2122111112
1222111112
2222111112
1111211112
2111211112
1211211112
2211211112
1121211112
2121211112
1221211112
2221211112
1112211112
2112211112
1212211112
2212211112
1122211112
2122211112
1222211112
2222211112
1111121112
2111121112
1211121112
2211121112
1121121112
2121121112
1221121112
2221121112
1112121112
2112121112
1212121112
2212121112
1122121112
2122121112
1222121112
2222121112
1111221112
2111221112
1211221112
2211221112
1121221112
2121221112
1221221112
2221221112
1112221112
2112221112
1212221112
2212221112
1122221112
2122221112
1222221112
2222221112
1111112112
2111112112
1211112112
2211112112
1121112112
2121112112
1221112112
2221112112
1112112112
2112112112
1212112112
2212112112
1122112112
2122112112
1222112112
2222112112
1111212112
2111212112
1211212112
2211212112
1121212112
2121212112
1221212112
2221212112
1112212112
2112212112
1212212112
2212212112
1122212112
2122212112
1222212112
2222212112
1111122112
2111122112
1211122112
2211122112
1121122112
2121122112
1221122112
2221122112
1112122112
2112122112
1212122112
2212122112
1122122112
2122122112
1222122112
2222122112
1111222112
2111222112
1211222112
2211222112
1121222112
2121222112
1221222112
2221222112
1112222112
2112222112
1212222112
2212222112
1122222112
2122222112
1222222112
2222222112
1111111212
2111111212
1211111212
2211111212
1121111212
2121111212
1221111212
2221111212
1112111212
2112111212
1212111212
2212111212
1122111212
2122111212
1222111212
2222111212
1111211212
2111211212
1211211212
2211211212
1121211212
2121211212
1221211212
2221211212
1112211212
2112211212
1212211212
2212211212
1122211212
2122211212
1222211212
2222211212
1111121212
2111121212
1211121212
2211121212
1121121212
2121121212
1221121212
2221121212
1112121212
2112121212
1212121212
2212121212
1122121212
2122121212
1222121212
2222121212
1111221212
2111221212
1211221212
2211221212
1121221212
2121221212
1221221212
2221221212
1112221212
2112221212
1212221212
2212221212
1122221212
2122221212
1222221212
2222221212
1111112212
2111112212
1211112212
2211112212
1121112212
2121112212
1221112212
2221112212
1112112212
2112112212
1212112212
2212112212
1122112212
2122112212
1222112212
2222112212
1111212212
2111212212
1211212212
2211212212
1121212212
2121212212
1221212212
2221212212
1112212212
2112212212
1212212212
2212212212
1122212212
2122212212
1222212212
2222212212
1111122212
2111122212
1211122212
2211122212
1121122212
2121122212
1221122212
2221122212
1112122212
2112122212
1212122212
2212122212
1122122212
2122122212
1222122212
2222122212
1111222212
2111222212
1211222212
2211222212
1121222212
2121222212
1221222212
2221222212
1112222212
2112222212
1212222212
2212222212
1122222212
2122222212
1222222212
2222222212
1111111122
2111111122
1211111122
2211111122
1121111122
2121111122
1221111122
2221111122
1112111122
2112111122
1212111122
2212111122
1122111122
2122111122
1222111122
2222111122
1111211122
2111211122
1211211122
2211211122
1121211122
2121211122
1221211122
2221211122
1112211122
2112211122
1212211122
2212211122
1122211122
2122211122
1222211122
2222211122
1111121122
2111121122
1211121122
2211121122
1121121122
2121121122
1221121122
2221121122
1112121122
2112121122
1212121122
2212121122
1122121122
2122121122
1222121122
2222121122
1111221122
2111221122
1211221122
2211221122
1121221122
2121221122
1221221122
2221221122
1112221122
2112221122
1212221122
2212221122
1122221122
2122221122
1222221122
2222221122
1111112122
2111112122
1211112122
2211112122
1121112122
2121112122
1221112122
2221112122
1112112122
2112112122
1212112122
2212112122
1122112122
2122112122
1222112122
2222112122
1111212122
2111212122
1211212122
2211212122
1121212122
2121212122
1221212122
2221212122
1112212122
2112212122
1212212122
2212212122
1122212122
2122212122
1222212122
2222212122
1111122122
2111122122
1211122122
2211122122
1121122122
2121122122
1221122122
2221122122
1112122122
2112122122
1212122122
2212122122
1122122122
2122122122
1222122122
2222122122
1111222122
2111222122
1211222122
2211222122
1121222122
2121222122
1221222122
2221222122
1112222122
2112222122
1212222122
2212222122
1122222122
2122222122
1222222122
2222222122
1111111222
2111111222
1211111222
2211111222
1121111222
2121111222
1221111222
2221111222
1112111222
2112111222
1212111222
2212111222
1122111222
2122111222
1222111222
2222111222
1111211222
2111211222
1211211222
2211211222
1121211222
2121211222
1221211222
2221211222
1112211222
2112211222
1212211222
2212211222
1122211222
2122211222
1222211222
2222211222
1111121222
2111121222
1211121222
2211121222
1121121222
2121121222
1221121222
2221121222
1112121222
2112121222
1212121222
2212121222
1122121222
2122121222
1222121222
2222121222
1111221222
2111221222
1211221222
2211221222
1121221222
2121221222
1221221222
2221221222
1112221222
2112221222
1212221222
2212221222
1122221222
2122221222
1222221222
2222221222
1111112222
2111112222
1211112222
2211112222
1121112222
2121112222
1221112222
2221112222
1112112222
2112112222
1212112222
2212112222
1122112222
2122112222
1222112222
2222112222
1111212222
2111212222
1211212222
2211212222
1121212222
2121212222
1221212222
2221212222
1112212222
2112212222
1212212222
2212212222
1122212222
2122212222
1222212222
2222212222
1111122222
2111122222
1211122222
2211122222
1121122222
2121122222
1221122222
2221122222
1112122222
2112122222
1212122222
2212122222
1122122222
2122122222
1222122222
2222122222
1111222222
2111222222
1211222222
2211222222
1121222222
2121222222
1221222222
2221222222
1112222222
2112222222
1212222222
2212222222
1122222222
2122222222
1222222222
2222222222